C_Global (Cannon):
-1202714411 -1352623629 -1736916907 -795337270 1647907845 -943433724 -657110010 -595613781 2020362945 
514287243 458523852 -1237042044 1849128307 738626128 199455782 -1563262978 1693707933 1101363553 
-1327431820 1380967177 1158356045 535625333 1396731562 700859240 19874065 359054332 -1546277102 
-912663440 -232359262 542415380 657359235 1695006809 1613240338 -1887327875 -2077715989 1144718581 
-250745706 -49310013 -648480943 -1784316965 973452961 1319536694 864093667 -1395248122 -162725499 
-1791029916 1853851701 899842295 662635254 -760279016 1913932965 -500096728 900853813 920464297 
-658105160 762018634 -1223424528 -14100350 -1923479513 1848388862 -629095437 1856799123 -1960781945 
1491059022 259609209 945261488 661650009 738878392 -1195240461 612370335 -1577054336 -191932638 
1538361777 -581650351 -325996946 322885114 222305191 -28986642 -490203410 242971590 1853573765 

Ergebniss :292318384


Ergebniss Matrix (Korrekt):
-1250182576 -1352623635 -1736916907 -795337270 1647907845 -943433724 -657110010 -595613781 2020362945 
514287243 -1543893364 -1237074748 1849128307 738626128 199455782 -1563262978 1693707933 1101363553 
965118260 1380934473 1158356045 535625333 1396731562 700859240 19874065 359054332 -1546277102 
-912663440 -232359262 542415380 657359235 1695006809 1613240338 -1887327875 -2077715989 1144718581 
-250745706 -49310013 -648480943 -1784316965 973452961 1319536694 864093667 -1395248122 -162725499 
-1791029916 1853851701 899842295 662635254 -760279016 1913932965 -500096728 900853813 920464297 
-658105160 762018634 -1223424528 -14100350 -1923479513 1848388862 -629095437 1856799123 -1960781945 
1491059022 259609209 945261488 661650009 738878392 -1195240461 612370335 -1577054336 -191932638 
1538361777 -581650351 -325996946 322885114 222305191 -28986642 -490203410 242971590 1853573765 

Ergebniss Korrekt:534917669
